"1349,323,3016,238,3021,882,2760,911,2551,826,2279,762,1867,604,1624,529,1509,521,1456,473,1459,430,1386,446,1349,385"
"1352,607,1504,550,1806,588,1883,641,1731,759,1453,903,1365,753"
"1782,735,2164,748,2538,812,2749,943,2752,1079,2626,1421,2404,1590,1656,1584,1429,1518,1312,1376,1277,1245,1301,999"
"2872,908,3021,903,3019,1996,2896,2020,2735,1967,2703,1825,2690,1325,2768,1053"
"1304,1454,1440,1568,1416,1681,1047,1574,1151,1483"
"2169,1654,2679,1673,2642,1967,2110,1956"
"1117,1699,1432,1681,1958,1590,2078,1595,2124,1809,1806,2464,1477,2768,1392,2795,1304,2693,1138,2191,1103,2065,1085,1825"
"797,1573,947,1611,1081,1878,1089,1985,1020,2186,930,2242,652,2319,355,2338,24,2218,136,1686,240,1568"
"1090,2108,1135,2215,1069,2338,948,2330,980,2231"
"1520,2790,2313,1975,3019,2007,3016,2880,2893,3054,2391,3180,1640,2998,1579,2875"
"833,2301,908,2343,1165,2354,1290,2672,1250,2784,988,3089,884,3118,641,3089,582,3033,620,2803,582,2653,540,2370,644,2317"
"3,2274,270,2349,550,2501,569,2624,548,2755,598,2886,569,3009,377,3137,0,3174"
"1282,2782,1469,2840,1664,3027,1664,3089,1368,3222,1175,3244,1149,3174,1170,2961,1218,2832"
"0,3193,313,3177,451,3284,524,3482,556,3621,598,3679,729,3898,775,4027,0,4029"
"430,3180,526,3116,737,3134,956,3126,1125,3169,1232,3500,1301,3562,1245,3639,1053,3714,769,3759,654,3735,558,3647,524,3466,435,3257"
"1186,3246,1296,3233,1427,3492,1304,3471,1215,3383,1181,3305"
"1400,3313,1608,3121,1726,3027,2410,3190,2458,3246,2463,3775,2380,3832,2196,3765,1830,3733,1624,3580,1557,3500,1443,3399"
"2535,3164,2898,3113,2989,3150,3003,3364,2965,3460,2979,3663,2933,3794,2711,3754,2516,3634,2490,3417,2495,3270"
"1341,3564,1405,3492,1496,3471,1589,3535,1686,3647,1595,3746,1443,3738,1333,3706,1325,3637"
"716,3757,964,3733,1207,3685,1325,3701,1664,3802,1801,4032,780,4029,708,3826"
"1899,3765,2239,3832,2947,3872,2952,4032,1806,4032,1750,3944,1704,3784,1704,3703"
"64,1301,200,1376,240,1475,208,1579,43,1590,0,1446,19,1360"
"0,1560,93,1625,72,1755,104,1785,85,1862,0,1943"